1761716.000
2611.083
3590.887
8576.985
42399.824
86143.156
154983.438
322757.969
535922.812
1373311.375
5992705.500
34105.234
125461.883
522554.188
1243744.125
2013299.250
4858285.000
8051558.000
19568362.000
78735368.000
9886.065
36841.039
150943.516
344027.594
562073.625
1380740.375
2260134.750
5551491.000
22155874.000
8114.590
31050.463
143049.906
306743.531
472799.281
1128908.500
1866044.625
4576351.000
18500332.000
8000.647
31605.256
134467.359
280347.250
482959.188
1178996.125
1881322.875
4652138.500
18320290.000
2801.235
9688.630
41302.137
80925.250
137122.047
326643.406
530296.250
1433564.500
6286295.500
34816.289
131778.844
516493.375
1277260.875
2003752.750
4912066.500
8074564.500
19527570.000
78166976.000
12326.593
39949.719
149032.547
362012.469
584111.375
1375944.375
2245155.750
5521796.500
22046838.000
10498.517
34974.023
122690.141
310795.000
488583.188
1141112.500
1852038.500
4548522.000
18495612.000
10025.808
30757.984
123724.859
301735.531
459625.438
1126611.250
1830834.875
4533648.500
18410690.000
4848.160
19357.664
67249.672
157009.734
256969.062
642406.938
1103934.500
2649119.250
10968877.000
26753.467
104664.703
461818.531
1156247.625
1811982.375
4496979.000
7409737.500
18172976.000
73540656.000
9377.969
24577.045
107338.172
240682.047
410921.594
955814.562
1568341.500
3832024.000
17601684.000
7316.658
26384.365
111049.578
216218.688
370681.094
856407.688
1385024.125
3436977.500
15763258.000
8457.673
33829.270
108231.023
225493.203
364222.188
892146.000
1464847.250
3642725.000
16207419.000
1982.405
6996.774
30601.686
65199.297
102750.039
240098.234
435593.906
980239.375
5337511.000
33962.547
126225.930
571065.375
1218961.500
2006456.750
4935097.500
8045851.500
19539526.000
77915984.000
14758.722
36986.359
154533.062
418995.625
633182.688
1386382.875
2288425.000
5665643.500
22530358.000
9581.388
33808.746
123045.562
314564.969
481491.125
1134202.750
1853556.625
4560488.000
18460648.000
9466.278
32955.105
120107.969
316552.031
489812.875
1166665.625
1842383.625
4554531.000
18425780.000
5304.967
24139.670
88478.594
163696.312
261353.547
610608.750
1052596.375
2627113.000
10815555.000
24541.689
109348.070
431976.875
1078355.625
1823842.125
4439035.500
7307850.000
17918612.000
72472496.000
8447.519
31316.980
110050.281
232646.500
415893.750
934349.375
1511213.125
3740391.750
17407640.000
8970.764
30609.535
107323.422
235176.578
392341.031
898020.188
1475520.375
3702139.500
16027662.000
8243.425
34400.527
105280.531
236955.000
353962.969
847658.812
1417805.250
3444142.500
15712294.000
6682356.000
3606600.000
5097666.000
3689508.000
5961612.000
5302396.000
3803548.000
3739324.000
5311152.000
3736668.000
5340572.000
4054076.000
5661716.000
7501024.000
4004724.000
5617632.000
4476512.000
5256340.000
3857852.000
5256556.000
4065148.000
1712760.000
1693600.000
5252740.000
6842620.000
3813048.000
3815408.000
1730252.000
1369572.000
1519476.000
1688904.000
2445.930
10111.756
35706.480
89322.070
163138.094
328543.312
542507.062
1414054.750
6352347.000
61097.980
205909.375
737667.625
1300599.875
2050855.375
4999148.000
8486865.000
19782480.000
78877792.000
12581.966
42986.836
149058.734
360172.281
600778.250
1426492.000
2286092.750
5731606.000
22988888.000
9221.004
34217.062
128316.430
291204.094
468762.156
1128847.250
1898112.750
4679571.000
18872574.000
9322.156
33720.484
137409.453
303684.156
493364.188
1162923.250
1898857.250
4783005.000
22061130.000
2605.749
13536.978
35341.004
86521.039
156219.156
336026.719
551982.062
1427397.125
6514461.500
43751.090
139972.281
549096.062
1234320.875
2037677.625
5030242.000
8195737.500
19605126.000
87048184.000
10805.263
43879.945
152660.094
383363.688
599118.812
1427721.250
2324258.000
5942479.500
22732550.000
9919.514
34559.488
121137.742
318661.094
488528.906
1143228.500
1916849.250
4661646.500
26665704.000
8530.897
33852.566
126008.297
319571.312
478809.844
1158983.750
1891718.250
4763723.000
22736292.000
3848764.000
6718304.000
6989.493
21767.965
92703.508
197840.703
348454.594
738642.812
1345608.750
3067772.750
12422239.000
50084.164
160033.438
626762.562
1527573.000
2510781.250
6073966.000
9970776.000
24431452.000
98164848.000
13000.473
38295.988
163286.859
404287.750
624653.938
1481650.750
2404244.250
5921557.000
23811546.000
16012.555
42419.410
173666.859
386576.125
606496.750
1440416.125
2338225.000
5825170.500
23381532.000
15234.051
44048.910
145013.875
406347.844
603651.750
1412375.875
2310023.500
5722053.000
23060862.000
1343980.000
83220.000
82736.000
1408216.000
1384900.000
1398172.000
82848.000
86876.000
93560.000
1139825664.000
1126127360.000
9530.815
40724.152
104329.648
216411.922
346462.906
806509.062
1401226.250
3370082.500
13541490.000
11156.950
35644.859
129875.391
300678.125
491383.969
1166935.875
1954933.875
4849239.000
20850024.000
5600.705
23804.939
94342.820
220226.766
368848.094
807606.500
1360093.750
3336246.500
13542573.000
11037.727
39195.012
146982.578
289575.469
490241.375
1185339.250
1924317.125
4866505.500
20682140.000
7186556.000
5379660.000
27029.391
52949.629
162671.734
399513.906
635127.938
1530671.000
2558424.750
6326241.500
25237834.000
11793.295
34229.328
134158.344
323750.875
490460.969
1199587.000
1939561.250
4844666.000
20746544.000
3554220.000
1092739584.000
3999288.000
1131914368.000
3545840.000
1796356.000
12497.282
23734.645
92706.523
206764.188
347260.031
764454.812
1271496.000
3077641.500
12497004.000
6468.221
29690.426
81579.438
214105.188
349410.969
748754.000
1236352.125
3044660.500
12736236.000
7985.940
20422.359
85398.242
195557.781
345565.188
765054.312
1313386.875
3073346.500
12425806.000
5681.561
20957.367
77599.797
193889.234
326746.688
740095.188
1199490.750
3069303.750
12710715.000
6781.811
28787.178
94129.461
191761.312
348111.125
740753.062
1318754.750
3060621.500
12502423.000
7179.059
19702.080
82314.719
189285.312
309547.594
741732.938
1234102.125
3064520.250
12676307.000
5824.595
25160.164
90081.844
192633.156
327373.594
731518.250
1276396.375
3069689.000
12427668.000
5515.560
24494.832
75827.328
193702.812
303727.406
720235.625
1225356.375
3039856.000
12650892.000
3008.800
11372.577
38271.531
93387.188
138295.375
326746.000
550830.000
1373408.125
5873357.000
2211.630
7970.805
24804.061
55668.219
90666.781
205607.484
328278.625
913326.625
4894538.500
3127.670
10847.765
44157.512
91697.148
140292.984
329879.031
525443.938
1364476.750
5865680.000
2288.883
7615.453
24910.311
55823.379
93503.156
207044.375
332972.406
934762.188
4940373.000
3559.719
11349.910
34310.441
79401.750
149118.438
322616.688
543564.188
1382843.250
5909232.000
1758.210
8233.688
26349.721
54595.930
84217.609
210088.062
359216.094
938386.500
4909203.000
3104.800
11574.366
44415.254
90186.711
153826.016
334766.094
544126.938
1369745.000
5919942.000
1637.260
5242.910
35722.551
59039.969
112148.211
214562.359
360475.969
937088.000
5040482.000
2559.700
9786.607
40817.176
88056.562
148804.797
326402.312
533766.812
1353540.125
5946739.000
1682.400
6487.296
27709.561
50792.801
96316.328
204135.812
332181.969
950968.312
4957577.500
2475.900
10812.645
36946.484
88137.789
129613.656
322190.906
527260.250
1342361.500
5831002.000
2384.917
5646.701
26682.170
64158.387
89611.719
203094.094
334559.312
910351.375
4843717.500
6386.703
23980.992
90127.852
186469.359
319190.344
724154.062
1280677.750
3019392.000
12268438.000
6423.107
24660.324
78663.648
193751.125
311724.375
737724.500
1232561.125
3125316.500
12972979.000
6146.994
23197.061
93226.594
187070.000
326591.062
749278.500
1290532.750
3074745.500
12439579.000
7596.263
22929.650
83799.039
197975.781
312290.312
746947.938
1225509.000
3114295.250
12979091.000
3545032.000
1717712.000
7784.752
25987.561
87215.688
191115.938
318216.312
739362.062
1306968.375
3027238.000
12291535.000
5420.763
25691.990
87949.422
181605.922
317994.188
742648.938
1236767.375
3122855.750
13002336.000
7553.520
20568.922
96292.859
184358.438
323207.906
724367.250
1278244.125
3015872.250
12270414.000
8233.237
26036.977
76591.508
182174.562
300615.188
729631.500
1219280.750
3116028.500
12979090.000
7443.833
21470.047
80382.523
191591.562
326565.906
725135.625
1281571.250
3016926.500
12283871.000
8797.871
22897.330
79533.031
191969.906
325888.406
725874.062
1282965.750
3017421.000
12285412.000
8092.942
26266.836
90700.961
201470.125
341504.031
785272.500
1347372.375
3275290.000
13275962.000
3612012.000
1728056.000
6657.539
25363.570
80328.133
193470.000
326654.062
732897.750
1307832.875
3068651.500
12433453.000
7571.811
20823.070
92902.930
200889.594
345486.625
792631.062
1364329.750
3275855.250
13317503.000
7504.041
29517.168
82974.070
192292.594
327750.562
747998.062
1296331.000
3069870.000
12436358.000
7908.667
21307.551
91864.953
203812.484
343507.875
781009.125
1362872.375
3284265.000
13295311.000
8490.255
22194.045
95871.039
207744.578
346147.312
794762.312
1351421.750
3284488.250
13319392.000
8025.630
28117.891
91335.977
210353.688
344764.906
780519.688
1372844.625
3275901.000
13302184.000
207194016.000
3185939712.000
224833760.000
654970781696.000
3173573888.000
210644000.000
200276352.000
4218102.000
4059332.000
5750128.000
1209382272.000
1197295232.000
1323996.000
1149227008.000
1126464384.000
4249024.000
4112128.000
5669780.000
5086084.000
4991.962
8750.530
29869.787
49131.734
91709.453
200182.938
341026.750
937611.750
4893761.000
1526400.125
2939720.000
14115059.000
5633828.000
2323.927
6504.185
26356.244
65171.352
84278.562
195511.516
328481.969
944206.750
4863883.000
3853.785
12422.688
34116.285
85130.789
160071.406
427077.375
998424.750
2808000.000
26652590.000
3230.629
8126.790
39279.145
80355.797
134786.578
309377.469
505234.031
1310764.750
5715706.000
3295.304
9722.648
44502.641
80494.516
169263.938
435038.531
1054487.000
3397778.500
27602560.000
3563.479
9163.085
36974.941
79146.633
124305.156
304039.906
508589.438
1301527.000
5801766.000
3727.335
14696.371
46390.309
92922.508
156939.516
429278.000
978791.500
2861728.750
26687784.000
3810.075
12588.765
37387.039
86758.656
133953.438
309048.906
510185.375
1293147.000
5673942.000
3800.048
11346.044
43653.680
79354.703
147767.938
435173.375
994143.062
2956524.250
26567960.000
3778.275
11089.150
43443.328
80443.031
124958.062
304686.250
511699.094
1315158.125
5731264.500
2990.910
10210.480
34527.703
88834.953
156869.594
431717.281
999704.750
3252174.000
26889064.000
2588492.000
1635272.000
4974056.000
1445664.000
1648192.000
4966408.000
1329136.000
1560332.000
1702844.000
3671724.000
1326640.000
3641232.000
1721628.000
6296.275
21100.670
82627.922
190590.859
326235.219
736487.188
1300772.500
3079220.750
12502628.000
5155.235
20866.602
82977.867
185063.641
303136.094
721633.188
1206286.750
3080403.000
12708508.000
6118.444
20742.125
79901.062
188554.500
325966.125
733940.500
1295150.125
3096279.250
12488617.000
6182.330
22869.074
86876.969
188105.797
325077.562
728564.750
1303141.125
3071822.750
12644319.000
8143.792
20308.965
86456.547
203288.297
325134.750
734747.125
1271630.375
3075040.750
12438189.000
5874.610
21863.625
73299.008
197674.094
296779.438
716264.312
1203077.875
3015928.000
12587487.000
5896.917
25815.373
77073.625
185127.906
294366.531
734437.625
1206237.875
3011660.750
12570295.000
7503111.000
7417494.000
8001683.000
7605958.000
8109423.000
7820001.000
7754029.000
7801511.000
7421746.000
7949823.000
7490878.000
8529518.000
7484127.000
7464503.000
7447230.000
7574101.000
7489913.000
7521528.000
10432.196
40538.977
200515.484
403663.438
646447.938
1582174.125
2608343.000
6493574.500
26459760.000
10390.865
51709.820
197974.281
400148.406
648564.062
1769258.375
2601053.500
6508214.500
26484692.000
10496.193
41226.148
194052.625
395004.250
641797.625
1590927.250
2589678.500
6516603.500
26442140.000
10454.103
41457.898
195098.734
402817.906
647726.625
1581417.000
2580688.750
6486874.000
26449374.000
7533309.000
10441.503
47755.262
195924.766
413853.094
656746.938
1594922.500
2624537.500
6621063.000
26421080.000
11558.820
40503.801
201629.438
425893.969
658323.000
1582990.500
2617914.500
6592093.500
26482924.000
7506943.000
10629.780
48181.051
193289.781
427134.125
657720.375
1582159.625
2602120.000
6687419.500
26474242.000
10410.526
45653.539
226468.141
394052.688
646170.625
1574172.375
2643283.000
6615908.500
26593896.000
18760.613
50651.645
221817.781
479771.125
783045.500
1874935.500
3122213.000
7842230.500
32455636.000
19388.025
59524.266
200794.297
471475.812
799977.938
1914070.750
3166075.250
7836973.500
32810480.000
13655.710
60883.871
211001.484
481308.625
840730.062
1910795.375
3405141.750
7955262.000
31992548.000
17341.262
59780.949
193531.016
482225.094
778486.562
1888580.375
3156022.500
7846446.000
32701036.000
2805127.000
11483357.000
10302.691
48033.113
195697.734
417232.750
652959.812
1589857.875
2633646.500
6619144.500
26538552.000
10499.829
49004.250
205895.781
414833.531
661203.750
1606135.000
2648937.500
6635260.000
26525722.000
14104.426
53104.750
211431.047
481083.375
851885.688
1938206.750
3417148.250
8019975.500
32262690.000
33073.191
111213.070
413663.281
999468.625
1630740.625
3945872.250
6505179.500
16099131.000
64383528.000
23651.314
59632.875
257674.984
499079.188
859880.312
1962509.625
3405273.500
8218384.500
32292596.000
31891.336
112099.156
460867.750
1038710.500
1652167.500
3965802.250
6741710.000
16123832.000
64365764.000
9264223.000
11684137.000
13931.164
62617.121
214850.297
501351.469
848370.000
1956768.750
3442650.000
8373707.000
32823724.000
30169.205
107124.602
433208.906
1009771.750
1651669.625
3970659.000
6570445.500
16206004.000
64370968.000
13780.017
62713.453
212257.188
488573.438
841759.750
1937166.500
3408320.000
8024936.500
32252862.000
17252.982
53105.875
214799.688
486362.719
865937.438
1969086.250
3431169.000
8067009.500
32486994.000
10245470.000
11336535.000
15717.581
69136.289
255022.000
547619.688
955598.375
2162611.500
3784428.250
9321827.000
35712692.000
15578.075
60620.191
221290.141
504668.625
866754.062
1951166.500
3437689.250
8299617.500
32552794.000
14160.720
65371.215
214938.297
501169.906
864006.188
2025802.375
3454116.750
8136365.500
32514882.000
18958.852
63276.828
280372.625
559714.625
929465.438
2164676.500
3793049.500
8979806.000
35841340.000
14426.487
54931.852
253342.219
497716.031
866386.938
1962778.750
3457140.500
8398567.000
32524026.000
15208.424
67175.773
266433.969
551583.312
966594.938
2161570.750
3774056.750
9265341.000
35817592.000
10769083.000
10527951.000
14029.549
59633.570
213946.422
490777.719
864753.750
1954546.875
3434630.750
8085527.500
32465380.000
19848.701
72682.797
267415.250
574792.062
961448.062
2278404.750
3808120.750
9474641.000
38047496.000
2963724.000
1996764.000
2812876.000
2587968.000
3417288.000
3985712.000
3440828.000
2041960.000
2647368.000
1114752.000
3621720.000
1208852.000
2233708.000
848360.000
1979124.000
3985528.000
2760996.000
1001752.000
2192496.000
1130028.000
5170796.000
1069272.000
1678512.000
1076928.000
1730884.000
951832.000
1735164.000
1062308.000
5050920.000
801348.000
2588960.000
4858508.000
1751632.000
1222684.000
1758480.000
820136.000
2029936.000
3583532.000
2204096.000
841276.000
1884888.000
832840.000
1770704.000
997340.000
1747416.000
765008.000
1990884.000
1217768.000
1887692.000
907504.000
1754132.000
1080432.000
2027884.000
1184964.000
2530568.000
847416.000
2330388.000
4409608.000
1933384.000
3598924.000
6410064.000
3692180.000
1721824.000
3681220.000
1903012.000
3509996.000
1857996.000
3862756.000
4852252.000
3513768.000
2648424.000
5535528.000
2209984.000
3544564.000
4245056.000
5781260.000
1728836.000
4878956.000
1708392.000
3806708.000
1875424.000
3509104.000
1878344.000
3576036.000
1759888.000
3610516.000
